SHREK

0104
0112
0130
0147
0173
0189
0193
0203
0213
0218
0228
0237
0249
0250
0264
0269
0271
0290
0291
0308
0322
0328
0336
0342
0348
0357
0365
0368
0370
0379
0386
0391
0394
0404
0406
0413
0418
0422
0426
0430
0438
0446
0447
0454
0456
0469
0478
0481
0487
0492
0495
0505
0509
0514
0516
0520
0527
0529
0536
0555
0574
0586
0589
0594
0606
0608
0629
0631
0648
0653
0655
0665
0673
0681
0703
0731
0733
0735
0748
0753
0755
0758
0767
0771
0800
0813
0819
0825
0826
0832
0846
0868
0903
0919
0930
0936
0937
0958
0960
0991
0999
1005
1006
1011
1015
1017
1035
1037
1046
1062
1114
1124
1125
1133
1146
1150
1156
1177
1184
1186
1192
1206
1212
1217
1220
1229
1236
1241
1245
1258
1261
1263
1274
1277
1280
1281
1298
1317
1335
1340
1360
1361
1367
1369
1375
1376
1377
1381
1385
1389
